0.6113324165344238 seconds17.166017532348633 seconds0.38431477546691895 seconds623.7546088695526 seconds0.920191764831543
0.9922235012054443
13952.14038348198
0.8608286380767822
212.0421314239502
231.68631386756897
143.45698356628418
158.27037048339844
0.16171789169311523
0.1564469337463379
0.15403509140014648
21.19110417366028
14.934821605682373
57.19953656196594
5.9135541915893555
114.32944703102112
6.990774869918823
26.004233837127686
11.847699642181396
80.85851764678955
99.20685744285583
113.66248226165771
118.29736852645874
61.46700572967529
0.7464425563812256
833.3784301280975
12315.273049116135
17.185774087905884
14229.33276104927
94.59754157066345
245.71538877487183
5.487378835678101
6.110379219055176
510.986971616745
5.874161243438721
0.1116487979888916
0.30394935607910156
0.2544715404510498
0.29550743103027344
0.2868518829345703
0.13365769386291504
0.10883522033691406
0.12929773330688477
826.9387574195862
32651.44928097725
